#PCED-2C(ABC) over 15 shrec models 
#columns : Precision - Recall - MCC - True positives - False positives - True negatives - False negatives
0.179348 0.0296496 0.0479238 99 453 46749 3240
0.245387 0.435848 0.246925 2952 9078 67705 3821
0.393443 0.0315375 0.102073 120 185 88912 3685
0.363834 0.757812 0.356735 3686 6445 14088 1178
0.463096 0.710924 0.364892 4894 5674 12853 1990
0.52331 0.748125 0.572794 2694 2454 27855 907
0.693247 0.601246 0.614276 965 427 16287 640
0.708587 0.620853 0.632258 1048 431 16540 640
0.358811 0.775669 0.36739 3596 6426 14218 1040
0.478941 0.437127 0.394034 10314 11221 180052 13281
0.468085 0.396652 0.34734 616 700 8891 937
0.68971 0.576279 0.549196 1307 588 8577 961
0.580379 0.831169 0.651484 704 509 6563 143
0.763524 0.967205 0.848279 1976 612 27519 67
0.870051 0.971655 0.902193 857 128 4182 25
