#Cov-Alg over 15 shrec modules
#columns : Precision - Recall - MCC - True positives - False positives - True negatives - False negatives
0.40694710006373486 0.38244983528002396 0.3530879939845685 1277 1861 45340 2062
0.4381148478609014 0.37875791139240506 0.3627489499994996 2565 3289 73493 4208
0.4654050351087515 0.3905295681540562 0.39228686389063494 1485 1705 87391 2320
0.44639718804920914 0.37868058143868805 0.3679191355682176 1841 2283 18249 3023
0.4470206352886622 0.3756088057666082 0.3552898336626319 2585 3197 15329 4299
0.44462209302325584 0.41809608419326183 0.37419814338655216 1505 1879 28429 2096
0.44711140539645755 0.43746558258559815 0.385399347056161 702 868 15845 903
0.4496337550699195 0.4562486562855125 0.3961314332594599 770 942 16028 918
0.42593821802399795 0.4485549132947977 0.37313341366616143 2079 2801 17842 2557
0.4215275943101075 0.49868399407797337 0.39018536649669977 11766 16146 175126 11829
0.42402285808030404 0.49750573440482493 0.39090059119015486 772 1048 8542 781
0.43086980401612884 0.49780997043847025 0.3944858419538853 1128 1489 7676 1139
0.4314968115023567 0.49928198233982096 0.39557191458745683 422 555 6517 424
0.4310019140072807 0.5104072532258781 0.401526311700513 1042 1375 26756 1000
0.433930356856307 0.5140751356331252 0.40483016265272764 453 591 3719 429
