#CNN over 15 shrec modules   
#columns : Precision - Recall - MCC - True positives - False positives - True negatives - False negatives
 0.1445045045045045 0.178698752228164 0.11470361743886855 401 2374 43380 1843
 0.31305177761870673 0.7653120746645926 0.43612407302687467 3936 8637 63717 1207
 0.5181674565560821 0.38908659549228947 0.4353942564851664 984 915 86677 1545
 0.34823032223983097 0.9722713864306785 0.4314205318347729 3296 6169 8503 94
 0.4683133241487896 0.9796212433100041 0.47113793343450894 4759 5403 5677 99
 0.4647045806594379 0.8909630886720408 0.5953903137573295 2100 2419 20201 257
 0.5610367892976589 0.9544807965860598 0.7161883399336587 671 525 13871 32
 0.5591630591630592 0.8928571428571429 0.6858066385725088 775 611 14039 93
 0.33436259373621524 0.969309462915601 0.4225849322286544 2274 4527 6338 72
 0.39231071008238527 0.940379913485048 0.5697251442322537 10000 15490 134867 634
 0.37668161434977576 0.4110929853181077 0.34578251733867077 252 417 7743 361
 0.6303724928366762 0.6554121151936445 0.5957077801106998 660 387 7424 347
 0.5724258289703316 0.9278642149929278 0.6685361427998157 656 490 3389 51
 0.4845360824742268 1.0 0.6659458574403155 1927 2050 22146 0
 0.8713178294573644 0.9929328621908127 0.9139812698789641 562 83 2477 4
