#CNN(ABC) over 7167 ABC modules   
#columns : Precision - Recall - MCC - True positives - False positives - True negatives - False negatives
 0.24143934997098085 0.12458820005989818 0.132638904987526 416 1307 45894 2923
 0.22842191110507 0.49623505093754616 0.2496192725949415 3361 11353 65429 3412
 0.43072505384063176 0.15768725361366623 0.24264177674048756 600 793 88303 3205
 0.28647807912899775 0.6058799342105263 0.19910532180182303 2947 7340 13192 1917
 0.3565897083303177 0.7157176060429983 0.21044812222485057 4927 8890 9636 1957
 0.24039580908032596 0.45876145515134686 0.21960338032945062 1652 5220 25088 1949
 0.2706660368445914 0.35700934579439253 0.23402711444831195 573 1544 15169 1032
 0.27800829875518673 0.3572274881516588 0.23711509496018632 603 1566 15404 1085
 0.2706867671691792 0.6971527178602244 0.21341448316888212 3232 8708 11935 1404
 0.2665507120339167 0.4156812884085611 0.22788392318623216 9808 26988 164284 13787
 0.3843553838725253 0.5125563425627817 0.3379759426578383 796 1275 8315 757
 0.5386882829771555 0.6449051610057345 0.4763185259303962 1462 1252 7913 805
 0.1709796672828096 0.4373522458628842 0.12731941431802077 370 1794 5278 476
 0.21421597344268697 0.5372184133202742 0.2637601308865378 1097 4024 24107 945
 0.43321616871704743 0.5589569160997733 0.37151234123051247 493 645 3664 389
