#CNN over 15 shrec modules   
#columns : Precision - Recall - MCC - True positives - False positives - True negatives - False negatives
 0.28130876269274163 0.44803833483078764 0.2971530042379023 1496 3822 43380 1843
 0.29873336195792183 0.8217924110438506 0.42725596234229196 5566 13066 63717 1207
 0.4829059829059829 0.5939553219448095 0.5135972303229613 2260 2420 86677 1545
 0.2839285714285714 0.9806743421052632 0.3282910584764959 4770 12030 8503 94
 0.3455564043799338 0.9856188262638002 0.3096927596162916 6785 12850 5677 99
 0.24858757062146894 0.9286309358511524 0.37478837717011576 3344 10108 20201 257
 0.35620471014492755 0.9800623052959502 0.5353963181309409 1573 2843 13871 32
 0.3523304616743981 0.9449052132701422 0.5166885953126866 1595 2932 14039 93
 0.24186539480657127 0.9844693701466781 0.2592791961586704 4564 14306 6338 72
 0.2893015989013066 0.9731299004026277 0.4393634139580484 22961 56406 134867 634
 0.39210526315789473 0.7675466838377334 0.4469900165390842 1192 1848 7743 361
 0.5245767340251228 0.8470017636684304 0.5615415722991305 1921 1741 7424 347
 0.17771824067872294 0.9397874852420307 0.26125128467366454 796 3683 3389 51
 0.25448430493273544 1.0 0.4475953477056856 2043 5985 22146 0
 0.32386573220213943 0.9954648526077098 0.42864999995213926 878 1833 2477 4
