#CNN(shrec) over 15 shrec modules   
#columns : Precision - Recall - MCC - True positives - False positives - True negatives - False negatives
 0.09746988585555731 0.5549565738244984 0.09817269611207932 1853 17158 30044 1486
 0.09527477364185111 0.8948767163738373 0.09303217272782568 6061 57555 19228 712
 0.1586131586131586 0.3053876478318003 0.17369519924124374 1162 6164 82933 2643
 0.29966068831798354 0.635485197368421 0.22727883654860753 3091 7224 13309 1773
 0.6010962241169305 0.14337594421847763 0.19527368036274176 987 655 17872 5897
 0.22906803294636488 0.9808386559289086 0.3642021120838469 3532 11887 18422 69
 0.12836206896551725 0.9277258566978193 0.1893687252952972 1489 10111 6603 116
 0.14288286666066444 0.9401658767772512 0.2216098911840831 1587 9520 7451 101
 0.23515070921985815 0.9154443485763589 0.2113133352623485 4244 13804 6840 392
 0.38461538461538464 0.10150455605001059 0.1518438553643167 2395 3832 187441 21200
 0.2072578196173702 0.8789439793947199 0.23567794350593912 1365 5221 4370 188
 0.3168913560666138 0.8809523809523809 0.3295536468611137 1998 4307 4858 270
 0.1797317436661699 0.7119244391971665 0.20188589422415648 603 2752 4320 244
 0.09927525657862736 0.9990210474791973 0.18372953202593942 2041 18518 9613 2
 0.40450538687561216 0.9365079365079365 0.5030549146870675 826 1216 3094 56
