#EC-NET over 16 shrec modules   
#columns : Precision - Recall - MCC - True positives - False positives - True negatives - False negatives
 0.2235434007134364 0.22521713087750825 0.16929290899418556 752 2612 44590 2587
 0.28989651416122003 0.6286726708991585 0.3533741897303199 4258 10430 66353 2515
 0.5171084337349398 0.28199737187910645 0.36313050114108697 1073 1002 88095 2732
 0.31637088011590003 0.35916940789473684 0.1672438871426081 1747 3775 16758 3117
 0.36513607229168854 0.5047937245787333 0.16406666287873112 3475 6042 12485 3409
 0.3769894534995206 0.5459594557067481 0.3747120491113129 1966 3249 27060 1635
 0.367953839325344 0.5165109034267913 0.37130915151052857 829 1424 15290 776
 0.3261661807580175 0.5302132701421801 0.3411910084315462 895 1849 15122 793
 0.2600111544896821 0.5028041415012943 0.1467780019029581 2331 6634 14010 2305
 0.2546799454522914 0.7835982199618563 0.33098593957479083 18489 54108 137165 5106
 0.41594996090695857 0.3425627817128139 0.28757457924049057 532 747 8844 1021
 0.524442082890542 0.4351851851851852 0.3629671145767364 987 895 8270 1281
 0.7228637413394919 0.3695395513577332 0.4792816888226767 313 120 6952 534
 0.2217762167586553 0.6490455212922174 0.30484046573694723 1326 4653 23478 717
 0.7797101449275362 0.30498866213151926 0.4332574193758407 269 76 4234 613
