#FC over 15 shrec models 
#columns : Precision - Recall - MCC - True positives - False positives - True negatives - False negatives
0.387134 0.297394 0.298873 993 1572 45630 2346
0.391913 0.632511 0.441873 4284 6647 70136 2489
0.627746 0.262812 0.391065 1000 593 88504 2805
0.241744 0.347656 0.0786945 1691 5304 15229 3173
0.394092 0.703515 0.268237 4843 7446 11081 2041
0.308549 0.500139 0.2995 1801 4036 26273 1800
0.415893 0.502181 0.399368 806 1132 15582 799
0.435443 0.509479 0.413783 860 1115 15856 828
0.263347 0.538395 0.160025 2496 6982 13662 2140
0.356114 0.568892 0.363356 13423 24270 167003 10172
0.444176 0.591758 0.420263 919 1150 8441 634
0.618532 0.679894 0.556389 1542 951 8214 726
0.251942 0.536009 0.254617 454 1348 5724 393
0.328262 0.992658 0.52621 2028 4150 23981 15
0.620206 0.751701 0.610624 663 406 3904 219
