#FC2C over 15 shrec models 
#columns : Precision - Recall - MCC - True positives - False positives - True negatives - False negatives
0.43046 0.224319 0.277005 749 991 46211 2590
0.349266 0.572863 0.384815 3880 7229 69554 2893
0.657335 0.308541 0.435418 1174 612 88485 2631
0.335046 0.724095 0.306522 3522 6990 13543 1342
0.390931 0.872894 0.334159 6009 9362 9165 875
0.345477 0.779506 0.435986 2807 5318 24991 794
0.530027 0.852336 0.633682 1368 1213 15501 237
0.52809 0.807464 0.611262 1363 1218 15753 325
0.291471 0.856557 0.301961 3971 9653 10991 665
0.319869 0.82259 0.421464 19409 41269 150004 4186
0.456187 0.553123 0.41252 859 1024 8567 694
0.642978 0.670194 0.569234 1520 844 8321 748
0.286166 0.747344 0.360998 633 1579 5493 214
0.360135 0.993147 0.557694 2029 3605 24526 14
0.49217 0.997732 0.622017 880 908 3402 2
