#FC2C(ABC) over 15 shrec models 
#columns : Precision - Recall - MCC - True positives - False positives - True negatives - False negatives
0.36272 0.215633 0.241472 720 1265 45937 2619
0.288516 0.679906 0.369364 4605 11356 65427 2168
0.481641 0.175821 0.273939 669 720 88377 3136
0.274779 0.402961 0.132232 1960 5173 15360 2904
0.388588 0.803312 0.298748 5530 8701 9826 1354
0.388804 0.773396 0.474711 2785 4378 25931 816
0.550717 0.693458 0.576791 1113 908 15806 492
0.541629 0.701422 0.572955 1184 1002 15969 504
0.287831 0.762726 0.262418 3536 8749 11895 1100
0.309624 0.747362 0.383799 17634 39319 151954 5961
0.413156 0.461043 0.339263 716 1017 8574 837
0.620788 0.57672 0.503496 1308 799 8366 960
0.306238 0.57379 0.322805 486 1101 5971 361
0.356905 0.995595 0.555442 2034 3665 24466 9
0.59444 0.824263 0.627591 727 496 3814 155
