#FC2C(shrec) over 15 shrec models 
#columns : Precision - Recall - MCC - True positives - False positives - True negatives - False negatives
0.467118 0.144654 0.233337 483 551 46651 2856
0.461383 0.23638 0.290065 1601 1869 74914 5172
0.408777 0.171353 0.24529 652 943 88154 3153
0.316973 0.701069 0.273311 3410 7348 13185 1454
0.387055 0.946833 0.366325 6518 10322 8205 366
0.366434 0.902805 0.502825 3251 5621 24688 350
0.405838 0.71028 0.478991 1140 1669 15045 465
0.386116 0.715047 0.462375 1207 1919 15052 481
0.284323 0.925582 0.317458 4291 10801 9843 345
0.291184 0.84128 0.395449 19850 48320 142953 3745
0.462642 0.49839 0.392336 774 899 8692 779
0.659595 0.603175 0.544468 1368 706 8459 900
0.232026 0.838253 0.321138 710 2350 4722 137
0.658915 0.956926 0.777078 1955 1012 27119 88
0.434759 0.921769 0.52922 813 1057 3253 69
