#FC over 15 shrec models 
#columns : Precision - Recall - MCC - True positives - False positives - True negatives - False negatives
0.312609 0.430668 0.314071 1438 3162 44040 1901
0.334128 0.744722 0.435417 5044 10052 66731 1729
0.458159 0.545335 0.476544 2075 2454 86643 1730
0.27536 0.629523 0.18804 3062 8058 12475 1802
0.361614 0.930564 0.309659 6406 11309 7218 478
0.269258 0.834768 0.370809 3006 8158 22151 595
0.31167 0.965109 0.483542 1549 3421 13293 56
0.321139 0.962085 0.490333 1624 3433 13538 64
0.254084 0.909189 0.252401 4215 12374 8270 421
0.299074 0.908794 0.428377 21443 50255 141018 2152
0.381432 0.68255 0.402888 1060 1719 7872 493
0.521045 0.747795 0.510487 1696 1559 7606 572
0.203162 0.910272 0.298605 771 3024 4048 76
0.245925 0.997063 0.436334 2037 6246 21885 6
0.390667 0.996599 0.514175 879 1371 2939 3
