#FEE over 15 shrec modules
#columns : Precision - Recall - MCC - True positives - False positives - True negatives - False negatives
 0.3651226158038147 0.5319805910895457 0.2666938734572014 1206 2097 7068 1061
 0.16948822728157228 0.5426791277258567 0.18081460339352695 871 4268 12445 734
 0.23161764705882354 0.40566645202833224 0.15136079851992515 630 2090 7500 923
 0.21935483870967742 0.7480586712683348 0.12007526258383895 3468 12342 8301 1168
 0.17037316245759518 0.5124716553287982 0.0012623853349485446 452 2201 2108 430
 0.3108556832694764 0.7071470075537478 0.11388883044393217 4868 10792 7734 2016
 0.26927327093083725 0.7022674295401569 0.3231012077602164 16570 44966 146306 7025
 0 0.0 0 0 0 89096 3805
 0.2513424821002387 0.4679255762288253 0.23386969477608366 1685 5019 25289 1916
 0.185911618728697 0.4590284954968256 0.19217222994530864 3109 13614 63168 3664
 0.1785840084536809 0.599290780141844 0.17362296288292842 507 2332 4740 339
 0.2069470600544047 0.20333059210526316 0.018867596952690583 989 3790 16742 3875
 0.06793214862681744 0.8237022526934378 0.0021775524459632096 1682 23078 5053 360
 0.19061897622617263 0.5272511848341233 0.20169752365817728 890 3779 13191 798
 0.05147744945567652 0.09913147648996705 -0.022424092627697297 331 6099 41102 3008
