#PCED over 15 shrec models 
#columns : Precision - Recall - MCC - True positives - False positives - True negatives - False negatives
0.446728 0.318958 0.340973 1065 1319 45883 2274
0.415273 0.594124 0.443526 4024 5666 71117 2749
0.548311 0.550328 0.530035 2094 1725 87372 1711
0.304743 0.799137 0.289023 3887 8868 11665 977
0.365567 0.935212 0.320047 6438 11173 7354 446
0.300547 0.884199 0.425234 3184 7410 22899 417
0.345695 0.975701 0.523195 1566 2964 13750 39
0.349439 0.959716 0.519105 1620 3016 13955 68
0.261299 0.917817 0.27088 4255 12029 8615 381
0.298273 0.961263 0.446113 22681 53360 137913 914
0.39252 0.614939 0.386331 955 1478 8113 598
0.552133 0.719136 0.523617 1631 1323 7842 637
0.205787 0.898465 0.299307 761 2937 4135 86
0.327235 0.998042 0.526962 2039 4192 23939 4
0.37639 0.997732 0.497743 880 1458 2852 2
