#PCED16 over 15 SHREC models  
#columns : Precision - Recall - MCC - True positives - False positives - True negatives - False negatives
 0.3422330097087379 0.0642369020501139 0.1316591412924096 141 271 44383 2054
 0.47211802950737686 0.5060305548110426 0.46047282756666874 1888 2111 67739 1843
 0.5404255319148936 0.06611140031233732 0.18366011740276258 127 108 86260 1794
 0.3014831023583759 0.4552129221732746 0.21241661578455864 1240 2873 10963 1484
 0.3782358581016299 0.7671366067087992 0.28868263361603325 3156 5188 6674 958
 0.2747952684258417 0.3793969849246231 0.24275970004050296 906 2391 21614 1482
 0.312824314306894 0.47845804988662133 0.3377150747043708 422 927 12702 460
 0.2866716306775875 0.4296875 0.2989944141634134 385 958 12801 511
 0.2696556205328135 0.5915894511760513 0.215211756396826 1660 4496 9897 1146
 0.29941408585435847 0.5290513416437778 0.3706417364781705 2504 5859 130487 2229
 0.4024556616643929 0.3165236051502146 0.29435227623180077 295 438 7922 637
 0.6281138790035588 0.4940517844646606 0.4894230890640862 706 418 7643 723
 0.27292576419213976 0.4280821917808219 0.22533792808487818 250 666 3572 334
 0.21646120377084843 0.47193675889328063 0.26777491647098567 597 2161 22152 668
 0.47593582887700536 0.7466442953020134 0.5012749095367793 445 490 2714 151
