#PCPNet over 15 Shrec modules   
#columns : Precision - Recall - MCC - True positives - False positives - True negatives - False negatives
 0 0.0 0 0 0 9590 1553
 0 0.0 0 0 0 16970 1688
 0 0.0 0 0 0 30308 3601
 0 0.0 0 0 0 47201 3339
 0 0.0 0 0 0 18526 6884
 0 0.0 0 0 0 7072 846
 0 0.0 0 0 0 191272 23595
 0 0.0 0 0 0 16713 1605
 0 0.0 0 0 0 76782 6773
 1.0 0.0045351473922902496 0.0613798504772325 4 0 4309 878
 0 0.0 0 0 0 28131 2042
 0 0.0 0 0 0 20643 4636
 0 0.0 0 0 0 20532 4864
 0 0.0 0 0 0 9165 2267
 0 0.0 0 0 0 89096 3805
