#PCPNet(ABC) over 15 Shrec modules   
#columns : Precision - Recall - MCC - True positives - False positives - True negatives - False negatives
 0.03914951063111711 0.03474094040131776 -0.027041031655791282 116 2847 44355 3223
 0.29044798222880414 0.23165510113686696 0.20170154596191478 1569 3833 72950 5204
 0.5608695652173913 0.03390275952693824 0.13068809914448856 129 101 88996 3676
 0.11459353574926542 0.04810855263157895 -0.05780503963670257 234 1808 18725 4630
 0.4093683246872139 0.3897443346891342 0.18367344390259321 2683 3871 14656 4201
 0.4074241738343142 0.24993057484032213 0.25810232285891144 900 1309 29000 2701
 0.39859320046893315 0.2118380062305296 0.24307105262093265 340 513 16201 1265
 0.33585858585858586 0.15758293838862558 0.18011385399417776 266 526 16445 1422
 0.3764059639026942 0.31039689387402936 0.21053685848986564 1439 2384 18260 3197
 0.37046334065474323 0.15011655011655012 0.1799058630945329 3542 6019 185254 20053
 0.3909836065573771 0.3071474565357373 0.2547508620344533 477 743 8848 1076
 0.5165806927044952 0.3090828924162258 0.29283891205817336 701 656 8509 1567
 0.6873315363881402 0.9031877213695395 0.7593932998446857 765 348 6724 82
 0.39917231000752446 0.5193343122858541 0.4100422884045706 1061 1597 26534 982
 0.5185185185185185 0.9047619047619048 0.602609073399279 798 741 3569 84
