#PCED-2C(shrec) over 15 shrec models 
#columns : Precision - Recall - MCC - True positives - False positives - True negatives - False negatives
0.326486 0.0904462 0.14315 302 623 46579 3037
0.557992 0.349476 0.40413 2367 1875 74908 4406
0.470277 0.187122 0.278815 712 802 88295 3093
0.352136 0.904811 0.401786 4401 8097 12436 463
0.412309 0.977048 0.426041 6726 9587 8940 158
0.464576 0.937795 0.60763 3377 3892 26417 224
0.440806 0.872274 0.572096 1400 1776 14938 205
0.407234 0.873815 0.54198 1475 2147 14824 213
0.30554 0.968292 0.371836 4489 10203 10441 147
0.377206 0.845137 0.488551 19941 32924 158349 3654
0.463152 0.554411 0.418352 861 998 8593 692
0.668994 0.718254 0.613932 1629 806 8359 639
0.308304 0.824085 0.412214 698 1566 5506 149
0.825263 0.959373 0.881329 1960 415 27716 83
0.464945 1 0.596197 882 1015 3295 0
