#PCED-2C over 15 shrec models 
#columns : Precision - Recall - MCC - True positives - False positives - True negatives - False negatives
0.463148 0.152441 0.238335 509 590 46612 2830
0.461935 0.622619 0.488746 4217 4912 71871 2556
0.488073 0.069908 0.173301 266 279 88818 3539
0.333982 0.564967 0.250632 2748 5480 15053 2116
0.390944 0.781377 0.293501 5379 8380 10147 1505
0.417793 0.661205 0.454588 2381 3318 26991 1220
0.655283 0.382555 0.466164 614 323 16391 991
0.725383 0.392773 0.502343 663 251 16720 1025
0.339304 0.657895 0.299285 3050 5939 14705 1586
0.350382 0.670693 0.396948 15825 29340 161933 7770
0.542181 0.339343 0.359557 527 445 9146 1026
0.732535 0.48545 0.521135 1101 402 8763 1167
0.419226 0.74144 0.488022 628 870 6202 219
0.385551 0.992658 0.581288 2028 3232 24899 15
0.878082 0.726757 0.762812 641 89 4221 241
