#PCED2C(EC) over Shrec models 
#columns : Precision - Recall - MCC - True positives - False positives - True negatives - False negatives
0.253629 0.0889488 0.116293 297 874 46328 3042
0.468214 0.0685073 0.15541 464 527 76256 6309
0.305865 0.324836 0.285036 1236 2805 86292 2569
0.24507 0.787007 0.172017 3828 11792 8741 1036
0.353083 0.747095 0.214289 5143 9423 9104 1741
0.207668 0.845321 0.287402 3044 11614 18695 557
0.212364 0.958879 0.356969 1539 5708 11006 66
0.206452 0.921209 0.332677 1555 5977 10994 133
0.231209 0.864538 0.182539 4008 13327 7317 628
0.148896 0.699385 0.129023 16502 94327 96946 7093
0.367769 0.401159 0.279242 623 1071 8520 930
0.51734 0.480159 0.37997 1089 1016 8149 1179
0.247655 0.997639 0.396099 845 2567 4505 2
0.636615 0.338718 0.437737 692 395 27736 1351
0.343057 1 0.45675 882 1689 2621 0
