#Cov-Alg over default dataset
#columns : Precision - Recall - MCC - True positives - False positives - True negatives - False negatives
0.953 0.807 0.8396770204509483 1508 74 5269 361
0.451 0.882 0.46303342530406794 1536 1869 3601 206
0.484 0.875 0.49990330623534046 1515 1615 3865 217
0.496 0.872 0.5129802620647456 1502 1526 3963 221
0.460 0.881 0.47347787014405496 1534 1800 3670 208
0.467 0.879 0.4815006620529559 1526 1741 3734 211
0.840 0.938 0.8841206063900798 136 25 5831 10
0.847 0.977 0.9069008426719828 127 22 5849 4
