#FEE over 8 default modules   
#columns : Precision - Recall - MCC - True positives - False positives - True negatives - False negatives
 0.9484536082474226 0.7682672233820459 0.8423174382447002 368 20 5323 111
 0.3673469387755102 0.8163265306122449 0.4966792445485887 360 620 4850 81
 0.3355325164938737 0.8090909090909091 0.4653461499068839 356 705 4775 84
 0.31121495327102805 0.7602739726027398 0.4257805652787407 333 737 4752 105
 0.3583415597235933 0.825 0.491880381935651 363 650 4820 77
 0.34626576139670223 0.8113636363636364 0.4760503568040074 357 674 4801 83
 0.07017543859649122 1.0 0.2526344749458528 40 530 5326 0
 0.06304728546409807 1.0 0.23937845880532957 36 535 5336 0
