#PCPNET over default dataset
#columns : Precision - Recall - MCC - True positives - False positives - True negatives - False negatives
0.908 0.159 0.3228461790798371 297 30 5313 1572
0.721 0.197 0.2981276054684153 343 132 5338 1399
0.722 0.198 0.29948270023999196 342 131 5349 1390
0.725 0.223 0.3213135925349631 384 145 5344 1339
0.731 0.197 0.30179903800916263 343 126 5344 1399
0.693 0.199 0.28841667658219894 345 152 5323 1392
0.514 0.239 0.3359478512773252 34 32 5824 112
0.272 0.160 0.1914820327386707 20 53 5818 111
